brute_force
-----------
1000: 57.154179   60.023069   61.909914   60.952902   59.712172   56.783199   58.670998   58.585882   57.687998   61.259031
2000: 224.262953  228.663921  236.729145  234.596014  237.809896  234.275103  233.973026  234.848022  237.738132  239.935875
3000: 488.316059  505.338907  520.910978  527.210951  529.371023  534.266233  528.342962  541.402102  539.814234  537.209988
4000: 897.155046  936.666012  945.986032  953.719139  967.364073  970.430851  966.501951  971.204996  970.842123  970.139980
5000: 1450.166941 1486.296177 1500.264883 1524.444103 1518.090010 1568.889856 1565.956116 1552.412987 1541.616917 1551.447153
10000: 5447.463036 5632.760048 5861.387014 6023.024082 6062.307119 6109.852076 6094.248056 6127.635002 6086.667061 6105.185032
20000: 21649.191856 22593.914032 23431.941986 24189.926147 24502.901077 24896.920919 24977.432966 24923.812151 24855.823040 24857.723951
30000: 49863.325834 52147.319078 54387.778044 55248.631954 56484.534979 56801.311970 56628.804922 56590.074062 56677.418947 56798.819780
40000: 91092.915058 96452.900171 97907.288074 100561.772108 102962.990999 103645.625114 104322.460890 104384.397984 104290.174007 104607.872009
50000: 153462.900877 164262.082100 165702.844858 169151.661873 171582.743883 173148.568869 176620.699883 175630.688190 175763.360023 174414.665937

naive_dc
-----------
1000:   127.677917  127.005100  127.795935  128.849983  127.396107  127.458096  128.427982  126.758099  129.828930  131.664038  
2000:   508.983135  558.609962  565.561056  561.725855  575.502872  562.802792  559.456110  555.719137  558.422089  557.646036  
3000:   1223.464966 1357.937098 1384.182930 1350.841999 1342.589855 1353.662968 1362.470150 1369.737864 1351.716995 1355.531931 
4000:   2305.993080 2307.540178 2341.552973 2295.704842 2313.621044 2386.276960 2352.797985 2309.070110 2292.056084 2389.384031 
5000:   3546.563864 3638.906956 3539.092064 3569.115162 3608.855009 3639.838934 3642.490864 3697.778940 3533.340931 3571.336031 
10000:  13964.954853 13034.234047 12927.805901 13061.501026 13256.772041 13305.064917 13138.783932 13163.715839 13265.831947 13417.454004
20000:  39254.812002 40088.357925 39275.315046 38816.926956 40954.646111 39570.348978 38449.623108 40884.432077 39009.813070 39726.518154
30000:  92156.149149 90201.244831 87983.699083 88775.401831 92809.926987 90964.640856 91028.445959 90227.054119 92156.795025 88946.874857

merge_sort
-----------
1000:   4.997969    5.048037    5.033970    4.893064    4.997015    4.854918    4.861832    5.040884    4.984856    4.897833    
2000:   10.764122   10.863066   11.009932   10.752916   10.929823   10.879040   10.840893   11.136055   11.200905   10.757208   
3000:   17.102003   17.872095   16.891003   17.138958   16.788960   17.203093   16.948938   17.594099   17.055988   17.084122   
4000:   23.066998   23.365974   23.607016   23.303986   24.230957   23.615122   23.126125   23.669004   23.006201   23.425102   
5000:   30.307055   30.714989   30.697107   30.498981   30.686140   29.891968   30.658960   30.026913   30.405045   31.578064
10000:  65.042973   65.479040   65.855980   65.736055   65.546989   65.515041   66.286087   65.877914   66.178083   66.417933   
20000:  136.113167  131.912947  133.527040  134.006977  131.814957  130.284071  131.481171  130.168200  133.088112  136.300087  
30000:  203.222990  206.964016  214.204073  213.783979  211.676836  206.353903  204.884052  213.820934  207.264185  212.990999  
40000:  301.517010  294.358015  296.082973  301.122904  300.253153  304.368973  300.177813  300.527096  301.813126  302.607059  
50000:  365.700006  379.544020  375.409126  383.445978  380.051136  370.314121  374.480963  382.946014  380.578995  379.662037  
