300 [200, 800] [200, 1100]
4016 [3600, 2300] [200, 800]
5134 [3100, 3300] [3600, 2300]
8060 [4700, 5750] [3100, 3300]
8760 [5400, 5750] [4700, 5750]
10129 [5608, 7103] [5400, 5750]
11244 [4493, 7102] [5608, 7103]
12150 [3600, 6950] [4493, 7102]
12733 [3100, 7250] [3600, 6950]
14733 [4700, 8450] [3100, 7250]
15433 [5400, 8450] [4700, 8450]
17050 [5610, 10053] [5400, 8450]
18168 [4492, 10052] [5610, 10053]
19332 [3600, 10800] [4492, 10052]
19854 [3100, 10950] [3600, 10800]
21600 [4700, 11650] [3100, 10950]
22300 [5400, 11650] [4700, 11650]
23812 [6650, 10800] [5400, 11650]
24479 [7300, 10950] [6650, 10800]
28179 [7300, 7250] [7300, 10950]
28895 [6650, 6950] [7300, 7250]
32602 [7300, 3300] [6650, 6950]
33795 [6650, 2300] [7300, 3300]
35228 [5400, 1600] [6650, 2300]
38260 [8350, 2300] [5400, 1600]
39378 [7850, 3300] [8350, 2300]
42304 [9450, 5750] [7850, 3300]
43004 [10150, 5750] [9450, 5750]
44373 [10358, 7103] [10150, 5750]
45488 [9243, 7102] [10358, 7103]
46394 [8350, 6950] [9243, 7102]
46977 [7850, 7250] [8350, 6950]
48977 [9450, 8450] [7850, 7250]
49677 [10150, 8450] [9450, 8450]
51294 [10360, 10053] [10150, 8450]
52412 [9242, 10052] [10360, 10053]
53576 [8350, 10800] [9242, 10052]
54098 [7850, 10950] [8350, 10800]
55844 [9450, 11650] [7850, 10950]
56544 [10150, 11650] [9450, 11650]
58056 [11400, 10800] [10150, 11650]
58723 [12050, 10950] [11400, 10800]
62423 [12050, 7250] [12050, 10950]
63139 [11400, 6950] [12050, 7250]
66846 [12050, 3300] [11400, 6950]
68039 [11400, 2300] [12050, 3300]
69472 [10150, 1600] [11400, 2300]
72504 [13100, 2300] [10150, 1600]
73622 [12600, 3300] [13100, 2300]
76548 [14200, 5750] [12600, 3300]
77248 [14900, 5750] [14200, 5750]
78617 [15108, 7103] [14900, 5750]
79732 [13993, 7102] [15108, 7103]
80638 [13100, 6950] [13993, 7102]
81221 [12600, 7250] [13100, 6950]
83221 [14200, 8450] [12600, 7250]
83921 [14900, 8450] [14200, 8450]
85538 [15110, 10053] [14900, 8450]
86656 [13992, 10052] [15110, 10053]
87820 [13100, 10800] [13992, 10052]
88342 [12600, 10950] [13100, 10800]
90088 [14200, 11650] [12600, 10950]
90788 [14900, 11650] [14200, 11650]
92300 [16150, 10800] [14900, 11650]
92967 [16800, 10950] [16150, 10800]
96667 [16800, 7250] [16800, 10950]
97383 [16150, 6950] [16800, 7250]
101090 [16800, 3300] [16150, 6950]
102283 [16150, 2300] [16800, 3300]
103716 [14900, 1600] [16150, 2300]
108681 [19800, 800] [14900, 1600]
117881 [19800, 10000] [19800, 800]
119781 [19800, 11900] [19800, 10000]
120081 [19800, 12200] [19800, 11900]
139681 [200, 12200] [19800, 12200]
150781 [200, 1100] [200, 12200]
('solution length given as ', 150393)
('but computed as ', 150781)
