19600 (200, 800) (19800, 800)
19900 (200, 1100) (200, 800)
23506 (3600, 2300) (200, 1100)
24624 (3100, 3300) (3600, 2300)
27484 (5400, 1600) (3100, 3300)
28917 (6650, 2300) (5400, 1600)
30110 (7300, 3300) (6650, 2300)
30660 (7850, 3300) (7300, 3300)
31778 (8350, 2300) (7850, 3300)
33709 (10150, 1600) (8350, 2300)
35142 (11400, 2300) (10150, 1600)
36335 (12050, 3300) (11400, 2300)
36885 (12600, 3300) (12050, 3300)
38003 (13100, 2300) (12600, 3300)
39934 (14900, 1600) (13100, 2300)
41367 (16150, 2300) (14900, 1600)
42560 (16800, 3300) (16150, 2300)
45660 (14900, 5750) (16800, 3300)
46360 (14200, 5750) (14900, 5750)
47728 (13993, 7102) (14200, 5750)
48634 (13100, 6950) (13993, 7102)
49217 (12600, 7250) (13100, 6950)
49767 (12050, 7250) (12600, 7250)
50483 (11400, 6950) (12050, 7250)
51536 (10358, 7103) (11400, 6950)
52651 (9243, 7102) (10358, 7103)
53557 (8350, 6950) (9243, 7102)
54140 (7850, 7250) (8350, 6950)
54690 (7300, 7250) (7850, 7250)
55406 (6650, 6950) (7300, 7250)
56459 (5608, 7103) (6650, 6950)
57574 (4493, 7102) (5608, 7103)
58480 (3600, 6950) (4493, 7102)
59063 (3100, 7250) (3600, 6950)
61063 (4700, 8450) (3100, 7250)
61763 (5400, 8450) (4700, 8450)
63380 (5610, 10053) (5400, 8450)
64498 (4492, 10052) (5610, 10053)
65662 (3600, 10800) (4492, 10052)
66184 (3100, 10950) (3600, 10800)
67930 (4700, 11650) (3100, 10950)
68630 (5400, 11650) (4700, 11650)
70142 (6650, 10800) (5400, 11650)
70809 (7300, 10950) (6650, 10800)
71359 (7850, 10950) (7300, 10950)
71881 (8350, 10800) (7850, 10950)
73045 (9242, 10052) (8350, 10800)
74163 (10360, 10053) (9242, 10052)
75443 (11400, 10800) (10360, 10053)
76110 (12050, 10950) (11400, 10800)
76660 (12600, 10950) (12050, 10950)
77182 (13100, 10800) (12600, 10950)
78346 (13992, 10052) (13100, 10800)
79464 (15110, 10053) (13992, 10052)
80744 (16150, 10800) (15110, 10053)
81411 (16800, 10950) (16150, 10800)
83436 (14900, 11650) (16800, 10950)
84136 (14200, 11650) (14900, 11650)
87336 (14200, 8450) (14200, 11650)
88036 (14900, 8450) (14200, 8450)
89399 (15108, 7103) (14900, 8450)
90452 (16150, 6950) (15108, 7103)
91168 (16800, 7250) (16150, 6950)
95238 (19800, 10000) (16800, 7250)
97138 (19800, 11900) (19800, 10000)
97438 (19800, 12200) (19800, 11900)
107104 (10150, 11650) (19800, 12200)
107804 (9450, 11650) (10150, 11650)
111004 (9450, 8450) (9450, 11650)
111704 (10150, 8450) (9450, 8450)
114404 (10150, 5750) (10150, 8450)
115104 (9450, 5750) (10150, 5750)
119154 (5400, 5750) (9450, 5750)
119854 (4700, 5750) (5400, 5750)
127719 (200, 12200) (4700, 5750)
150393 (19800, 800) (200, 12200)
